[[ 3.62723627e-01  2.46348927e-03  2.46449426e-03  7.71914399e-03
  -2.18477593e-03  7.17776914e-03  7.17957645e-03  3.51789726e-03
  -5.07019718e-03 -5.88766275e-03 -5.88635984e-03  2.12618147e-03
  -2.64064056e-07  7.59781830e-03 -7.60122832e-03]
 [ 2.46348927e-03  3.41917429e-01  3.25566476e-03  1.30144832e-02
   2.12696837e-04  9.03061862e-03 -6.02503247e-03 -6.02518942e-03
   9.17940725e-03 -3.17944405e-04 -6.26533369e-03 -3.53392980e-04
  -7.19850721e-03 -1.57261390e-04  6.96755519e-03]
 [ 2.46449426e-03  3.25566476e-03  3.41950225e-01  1.30190899e-02
   2.11083552e-04 -6.02514232e-03  9.03284208e-03 -6.02417692e-03
   9.18246256e-03 -6.26361412e-03 -3.25987053e-04 -3.51024158e-04
   7.19901756e-03 -6.96535945e-03  1.58797378e-04]
 [ 7.71914399e-03  1.30144832e-02  1.30190899e-02  3.24845899e-01
  -7.61933194e-03 -3.10222678e-02 -3.10249738e-02  3.62331385e-02
  -3.12325787e-02  2.83396182e-02  2.83457368e-02  5.45172698e-02
  -2.62564164e-06 -4.12347221e-04  4.06144568e-04]
 [-2.18477593e-03  2.12696837e-04  2.11083552e-04 -7.61933194e-03
   5.14858537e-01 -5.11022394e-04 -5.12450149e-04  6.60675935e-03
   1.00393859e-03 -3.18071640e-03 -3.17436646e-03  2.37792321e-02
   1.91208932e-06  1.67083950e-03 -1.66873192e-03]
 [ 7.17776914e-03  9.03061862e-03 -6.02514232e-03 -3.10222678e-02
  -5.11022394e-04  7.55620474e-02  3.50280628e-03 -4.07719225e-02
   4.77039018e-03 -3.78565914e-02 -3.40100972e-03 -6.28318797e-03
  -2.23638854e-02  2.36818040e-02 -2.71008719e-04]
 [ 7.17957645e-03 -6.02503247e-03  9.03284208e-03 -3.10249738e-02
  -5.12450149e-04  3.50280628e-03  7.55643750e-02 -4.07708165e-02
   4.76856342e-03 -3.40048459e-03 -3.78585761e-02 -6.28838368e-03
   2.23642115e-02  2.73101184e-04 -2.36830894e-02]
 [ 3.51789726e-03 -6.02518942e-03 -6.02417692e-03  3.62331385e-02
   6.60675935e-03 -4.07719225e-02 -4.07708165e-02  1.44603144e-01
  -3.31898386e-03 -2.83920351e-02 -2.83919305e-02  2.10278856e-02
  -3.23068814e-06  2.29054272e-02 -2.29151302e-02]
 [-5.07019718e-03  9.17940725e-03  9.18246256e-03 -3.12325787e-02
   1.00393859e-03  4.77039018e-03  4.76856342e-03 -3.31898386e-03
   7.63738231e-02 -4.23288555e-02 -4.23274108e-02  5.10326813e-04
  -2.55120719e-07 -1.87178773e-02  1.87196312e-02]
 [-5.88766275e-03 -3.17944405e-04 -6.26361412e-03  2.83396182e-02
  -3.18071640e-03 -3.78565914e-02 -3.40048459e-03 -2.83920351e-02
  -4.23288555e-02  1.42663152e-01 -3.27461865e-02 -4.30852365e-03
  -1.87404587e-02 -5.54264765e-03  1.97548270e-02]
 [-5.88635984e-03 -6.26533369e-03 -3.25987053e-04  2.83457368e-02
  -3.17436646e-03 -3.40100972e-03 -3.78585761e-02 -2.83919305e-02
  -4.23274108e-02 -3.27461865e-02  1.42661775e-01 -4.29403633e-03
   1.87430558e-02 -1.97515768e-02  5.54644198e-03]
 [ 2.12618147e-03 -3.53392980e-04 -3.51024158e-04  5.45172698e-02
   2.37792321e-02 -6.28318797e-03 -6.28838368e-03  2.10278856e-02
   5.10326813e-04 -4.30852365e-03 -4.29403633e-03  1.72316804e-01
  -2.34839767e-06  2.80888484e-03 -2.81529686e-03]
 [-2.64064056e-07 -7.19850721e-03  7.19901756e-03 -2.62564164e-06
   1.91208932e-06 -2.23638854e-02  2.23642115e-02 -3.23068814e-06
  -2.55120719e-07 -1.87404587e-02  1.87430558e-02 -2.34839767e-06
   2.57500236e-02 -1.10057269e-02 -1.10041955e-02]
 [ 7.59781830e-03 -1.57261390e-04 -6.96535945e-03 -4.12347221e-04
   1.67083950e-03  2.36818040e-02  2.73101184e-04  2.29054272e-02
  -1.87178773e-02 -5.54264765e-03 -1.97515768e-02  2.80888484e-03
  -1.10057269e-02  2.82103520e-02 -1.46179929e-02]
 [-7.60122832e-03  6.96755519e-03  1.58797378e-04  4.06144568e-04
  -1.66873192e-03 -2.71008719e-04 -2.36830894e-02 -2.29151302e-02
   1.87196312e-02  1.97548270e-02  5.54644198e-03 -2.81529686e-03
  -1.10041955e-02 -1.46179929e-02  2.82178084e-02]]